
[83, 17, 23, 0, 95, 30, 21, 45, 89, 80]
[31, 64, 18, 88, 85, 36, 90, 27, 0, 73]
[14, 29, 51, 64, 45, 78, 74, 31, 94, 35]
[28, 19, 66, 51, 97, 95, 54, 43, 93, 66]
[46, 4, 54, 47, 78, 95, 56, 12, 39, 53]
[82, 74, 13, 5, 26, 89, 36, 93, 46, 67]
[11, 37, 39, 81, 80, 12, 92, 97, 57, 59]
[61, 36, 11, 82, 8, 41, 66, 59, 90, 97]
[20, 56, 9, 43, 39, 91, 10, 36, 75, 15]
[99, 44, 77, 80, 77, 54, 84, 72, 74, 88]
[26, 28, 58, 66, 43, 54, 90, 53, 13, 88]
[60, 15, 37, 42, 10, 51, 13, 16, 70, 62]
[86, 21, 68, 43, 74, 45, 6, 85, 22, 17]
[24, 53, 42, 43, 83, 82, 12, 7, 86, 17]
[99, 25, 41, 65, 24, 85, 52, 63, 20, 34]
[89, 13, 62, 39, 8, 57, 35, 38, 89, 84]
[42, 72, 61, 64, 89, 1, 47, 21, 38, 35]
[22, 83, 31, 60, 6, 72, 14, 63, 7, 33]
[56, 63, 57, 14, 17, 26, 15, 65, 92, 0]
[42, 75, 67, 6, 58, 47, 70, 87, 95, 45]
